0x28e3b7de540 0x28e3b7de5f0 0x28e3b9c11d0 0 1 0 0 0  0 0 0 0 0 0 0 0
0 0 0 0 1 1 0 1 bubble  0 0 0 0 0 0 0 0
0x28e3b7de6a0 0 0 0x28e3b7de800 2 2 0 0  0 0 0 0 0 0 0 0
0 0 0 0x28e3b7de750 2 6 2 1 t  0 0 0 0 0 0 0 0
0 0 0 0 2 6 0 1 z  2 1 20 0 0 0 0 0
0x28e3b7de8b0 0 0 0x28e3b9be5d0 3 3 0 0  0 0 0 0 0 0 0 0
0 0 0 0x28e3b9be1b0 3 6 2 3 i j num  0 0 0 0 0 0 0 0
0 0 0 0 4 6 0 1 a  2 1 20 0 0 0 0 0
0x28e3b9be890 0x28e3b9be3c0 0x28e3b9be470 0 5 4 0 1 q  0 0 0 0 0 0 0 0
0 0 0 0x28e3b9be9f0 5 6 2 1 num  0 0 0 0 0 0 0 0
0 0 0 0 5 6 0 1 a  2 1 20 0 0 0 0 0
0x28e3b9be260 0 0 0 6 3 0 0  0 0 0 0 0 0 0 0
0 0 0 0x28e3b9be310 6 6 2 3 i j k  0 0 0 0 0 0 0 0
0 0 0 0x28e3b9be940 7 6 2 1 t  0 0 0 0 0 0 0 0
0x28e3b9becb0 0 0 0 8 6 3 1 ab  0 0 0 0 0 0 0 0
0 0 0 0x28e3b9beaa0 9 6 2 2 i j  0 0 0 0 0 0 0 0
0 0 0 0 10 6 2 1 t  0 0 0 0 0 0 0 0
0x28e3b9be520 0 0 0 12 5 0 0  0 0 0 0 0 0 0 0
0x28e3b9beb50 0x28e3b9be7e0 0 0x28e3b9bec00 13 7 2 0  0 0 0 0 0 0 0 0
0x28e3b9be680 0 0 0 13 8 2 1 ab  0 0 0 0 0 0 2 0
0 0 0 0 13 8 2 1 i  0 0 0 0 0 0 0 0
0 0 0 0 13 8 1 0  0 0 0 0 0 1 0 0
0x28e3b9beec0 0x28e3b9be100 0 0x28e3b9c1490 14 7 1 0  0 0 0 0 0 0 0 0
0x28e3b9bed60 0x28e3b9be050 0 0 14 8 0 0  0 0 0 10 0 0 0 0
0 0 0 0 14 8 2 1 i  0 0 0 0 0 0 0 0
0 0 0 0 14 8 2 1 num  0 0 0 0 0 0 0 0
0x28e3b9c0be0 0x28e3b9bf480 0 0x28e3b9c0d40 15 7 2 0  0 0 0 0 0 0 0 0
0 0 0 0 15 8 2 1 j  0 0 0 0 0 0 0 0
0x28e3b9c0c90 0x28e3b9bfa00 0 0 15 8 0 0  0 0 0 5 0 0 0 0
0x28e3b9bfc10 0x28e3b9c00e0 0 0 15 8 0 0  0 0 0 6 0 0 0 0
0 0 0 0 15 8 2 1 num  0 0 0 0 0 0 0 0
0 0 0 0 15 8 2 1 i  0 0 0 0 0 0 0 0
0 0 0 0 15 8 1 0  0 0 0 0 0 1 0 0
0x28e3b9bf5e0 0x28e3b9bf8a0 0 0x28e3b9bf320 16 7 2 0  0 0 0 0 0 0 0 0
0 0 0 0 16 8 2 1 k  0 0 0 0 0 0 0 0
0 0 0 0 16 8 1 0  0 0 0 0 0 1 0 0
0x28e3b9c0660 0x28e3b9c0df0 0 0x28e3b9c1120 17 7 1 0  0 0 0 0 0 0 0 0
0x28e3b9c05b0 0x28e3b9bf690 0 0 17 8 0 0  0 0 0 10 0 0 0 0
0 0 0 0 17 8 2 1 k  0 0 0 0 0 0 0 0
0 0 0 0 17 8 2 1 j  0 0 0 0 0 0 0 0
0x28e3b9bf7f0 0x28e3b9c0b30 0x28e3b9c18b0 0x28e3b9c1ac0 18 7 0 0  0 0 0 0 0 0 0 0
0x28e3b9c0190 0x28e3b9c0240 0 0 18 8 0 0  0 0 0 10 0 0 0 0
0x28e3b9c0710 0 0 0 18 8 2 1 a  0 0 0 0 0 0 1 0
0x28e3b9c03a0 0x28e3b9bf950 0 0 18 8 0 0  0 0 0 5 0 0 0 0
0 0 0 0 18 8 2 1 k  0 0 0 0 0 0 0 0
0 0 0 0 18 8 1 0  0 0 0 0 0 1 0 0
0x28e3b9c02f0 0 0 0 18 8 2 1 a  0 0 0 0 0 0 1 0
0 0 0 0 18 8 2 1 k  0 0 0 0 0 0 0 0
0x28e3b9bfcc0 0x28e3b9c0a80 0 0x28e3b9bfd70 20 7 2 0  0 0 0 0 0 0 0 0
0 0 0 0 20 8 2 1 t  0 0 0 0 0 0 0 0
0x28e3b9bf060 0 0 0 20 8 2 1 a  0 0 0 0 0 0 1 0
0 0 0 0 20 8 2 1 k  0 0 0 0 0 0 0 0
0x28e3b9bfe20 0x28e3b9c0870 0 0x28e3b9bf1c0 21 7 2 0  0 0 0 0 0 0 0 0
0x28e3b9c07c0 0 0 0 21 8 2 1 a  0 0 0 0 0 0 1 0
0 0 0 0 21 8 2 1 k  0 0 0 0 0 0 0 0
0x28e3b9c09d0 0 0 0 21 8 2 1 a  0 0 0 0 0 0 1 0
0x28e3b9c0030 0x28e3b9bf110 0 0 21 8 0 0  0 0 0 5 0 0 0 0
0 0 0 0 21 8 2 1 k  0 0 0 0 0 0 0 0
0 0 0 0 21 8 1 0  0 0 0 0 0 1 0 0
0x28e3b9bf270 0x28e3b9c1540 0 0 22 7 2 0  0 0 0 0 0 0 0 0
0x28e3b9c2300 0 0 0 22 8 2 1 a  0 0 0 0 0 0 1 0
0x28e3b9c20f0 0x28e3b9c1a10 0 0 22 8 0 0  0 0 0 5 0 0 0 0
0 0 0 0 22 8 2 1 k  0 0 0 0 0 0 0 0
0 0 0 0 22 8 1 0  0 0 0 0 0 1 0 0
0 0 0 0 22 8 2 1 t  0 0 0 0 0 0 0 0
0x28e3b9c1c20 0x28e3b9c1ee0 0 0 23 7 2 0  0 0 0 0 0 0 0 0
0 0 0 0 23 8 2 1 ttemp  0 0 0 0 0 0 0 0
0 0 0 0 23 8 1 0  0 0 0 0 0 0 0 0
0x28e3b9c29e0 0x28e3b9c2720 0 0 25 7 2 0  0 0 0 0 0 0 0 0
0 0 0 0 25 8 2 1 k  0 0 0 0 0 0 0 0
0x28e3b9c2040 0x28e3b9c15f0 0 0 25 8 0 0  0 0 0 5 0 0 0 0
0 0 0 0 25 8 2 1 k  0 0 0 0 0 0 0 0
0 0 0 0 25 8 1 0  0 0 0 0 0 1 0 0
0x28e3b9c2460 0x28e3b9c1e30 0 0 27 7 2 0  0 0 0 0 0 0 0 0
0 0 0 0 27 8 2 1 i  0 0 0 0 0 0 0 0
0x28e3b9c1f90 0x28e3b9c2ca0 0 0 27 8 0 0  0 0 0 5 0 0 0 0
0 0 0 0 27 8 2 1 i  0 0 0 0 0 0 0 0
0 0 0 0 27 8 1 0  0 0 0 0 0 1 0 0
0 0 0 0 29 7 6 0  0 0 0 0 0 0 0 0
0x28e3b9c2d50 0 0 0 32 5 0 0  0 0 0 0 0 0 0 0
0 0 0 0x28e3b9c1750 33 7 3 1 num  0 0 0 0 0 0 0 0
0x28e3b9c13e0 0x28e3b9c1d80 0 0x28e3b9c1280 34 7 2 0  0 0 0 0 0 0 0 0
0 0 0 0 34 8 2 1 i  0 0 0 0 0 0 0 0
0 0 0 0 34 8 1 0  0 0 0 0 0 1 0 0
0x28e3b9c1cd0 0x28e3b9c2510 0 0x28e3b9c3cb0 35 7 1 0  0 0 0 0 0 0 0 0
0x28e3b9c2a90 0x28e3b9c27d0 0 0 35 8 0 0  0 0 0 10 0 0 0 0
0 0 0 0 35 8 2 1 i  0 0 0 0 0 0 0 0
0x28e3b9c1960 0x28e3b9c21a0 0 0 35 8 0 0  0 0 0 5 0 0 0 0
0 0 0 0 35 8 2 1 num  0 0 0 0 0 0 0 0
0 0 0 0 35 8 1 0  0 0 0 0 0 1 0 0
0 0 0 0x28e3b9c2eb0 36 7 3 1 j  0 0 0 0 0 0 0 0
0x28e3b9c2670 0x28e3b9c2bf0 0 0x28e3b9c2e00 37 7 2 0  0 0 0 0 0 0 0 0
0x28e3b9c2930 0 0 0 37 8 2 1 a  0 0 0 0 0 0 1 0
0 0 0 0 37 8 2 1 i  0 0 0 0 0 0 0 0
0 0 0 0 37 8 2 1 j  0 0 0 0 0 0 0 0
0x28e3b9c2f60 0x28e3b9c4230 0 0 38 7 2 0  0 0 0 0 0 0 0 0
0 0 0 0 38 8 2 1 i  0 0 0 0 0 0 0 0
0x28e3b9c4a70 0x28e3b9c42e0 0 0 38 8 0 0  0 0 0 5 0 0 0 0
0 0 0 0 38 8 2 1 i  0 0 0 0 0 0 0 0
0 0 0 0 38 8 1 0  0 0 0 0 0 1 0 0
0x28e3b9c4390 0x28e3b9c4860 0 0x28e3b9c4b20 40 7 5 0  0 0 0 0 0 0 0 0
0 0 0 0 40 8 2 1 q  0 0 0 0 0 0 0 0
0 0 0 0x28e3b9c5620 40 8 2 1 num  0 0 0 0 0 0 0 0
0 0 0 0 40 8 2 1 a  0 0 0 0 0 0 0 0
0x28e3b9c44f0 0x28e3b9c4910 0 0x28e3b9c4e90 41 7 2 0  0 0 0 0 0 0 0 0
0 0 0 0 41 8 2 1 i  0 0 0 0 0 0 0 0
0 0 0 0 41 8 1 0  0 0 0 0 0 1 0 0
0x28e3b9c47b0 0x28e3b9c39f0 0 0 42 7 1 0  0 0 0 0 0 0 0 0
0x28e3b9c3e10 0x28e3b9c4bd0 0 0 42 8 0 0  0 0 0 10 0 0 0 0
0 0 0 0 42 8 2 1 i  0 0 0 0 0 0 0 0
0x28e3b9c49c0 0x28e3b9c4de0 0 0 42 8 0 0  0 0 0 5 0 0 0 0
0 0 0 0 42 8 2 1 num  0 0 0 0 0 0 0 0
0 0 0 0 42 8 1 0  0 0 0 0 0 1 0 0
0x28e3b9c5410 0 0 0x28e3b9c4700 43 7 4 0  0 0 0 0 0 0 0 0
0x28e3b9c4440 0 0 0 43 8 2 1 a  0 0 0 0 0 0 1 0
0 0 0 0 43 8 2 1 i  0 0 0 0 0 0 0 0
0x28e3b9c3ec0 0x28e3b9c45a0 0 0 44 7 2 0  0 0 0 0 0 0 0 0
0 0 0 0 44 8 2 1 i  0 0 0 0 0 0 0 0
0x28e3b9c3aa0 0x28e3b9c5150 0 0 44 8 0 0  0 0 0 5 0 0 0 0
0 0 0 0 44 8 2 1 i  0 0 0 0 0 0 0 0
0 0 0 0 44 8 1 0  0 0 0 0 0 1 0 0
