0x2655e7d3580 0x2655e7d38d0 0x2655e7b8c60 0 1 0 0 0  0 0 0 0 0 0 0 0
0 0 0 0 1 1 0 1 c  0 0 0 0 0 0 0 0
0x2655e7d3660 0 0 0x2655e7d3980 2 3 0 0  0 0 0 0 0 0 0 0
0 0 0 0x2655e7d3820 3 6 2 3 x y z  0 0 0 0 0 0 0 0
0 0 0 0 4 6 0 1 a  2 1 20 0 0 0 0 0
0x2655e7d3a30 0 0x2655e7d3c10 0 5 4 0 1 f  0 0 0 0 0 0 0 0
0 0 0 0x2655e7d3b60 5 6 2 2 x y  0 0 0 0 0 0 0 0
0 0 0 0 5 6 2 1 z  0 0 0 0 0 0 0 1
0x2655e7d3cc0 0 0 0 6 5 0 0  0 0 0 0 0 0 0 0
0x2655e7d3d70 0x2655e7d25f0 0 0x2655e7b8bb0 7 7 2 0  0 0 0 0 0 0 0 0
0 0 0 0 7 8 2 1 z  0 0 0 0 0 0 0 0
0x2655e7d2490 0x2655e7d26a0 0 0 7 8 0 0  0 0 0 5 0 0 0 0
0x2655e7d3e50 0x2655e7d2540 0 0 7 8 0 0  0 0 0 5 0 0 0 0
0 0 0 0 7 8 2 1 x  0 0 0 0 0 0 0 0
0 0 0 0 7 8 2 1 y  0 0 0 0 0 0 0 0
0 0 0 0 7 8 2 1 z  0 0 0 0 0 0 0 0
0x2655e7b8790 0x2655e7b8160 0 0x2655e7b80b0 8 7 2 0  0 0 0 0 0 0 0 0
0x2655e7b8000 0 0 0 8 8 2 1 x  0 0 0 0 0 0 1 0
0 0 0 0 8 8 1 0  0 0 0 0 0 1 0 0
0 0 0 0 8 8 1 0  0 0 0 0 0 1 0 0
0x2655e7b8210 0 0 0x2655e7b8d10 9 7 4 0  0 0 0 0 0 0 0 0
0 0 0 0 9 8 2 1 x  0 0 0 0 0 0 0 0
0x2655e7b82c0 0 0 0x2655e7b8580 10 7 4 0  0 0 0 0 0 0 0 0
0 0 0 0 10 8 2 1 y  0 0 0 0 0 0 0 0
0x2655e7b8a50 0 0 0 11 7 4 0  0 0 0 0 0 0 0 0
0 0 0 0 11 8 2 1 z  0 0 0 0 0 0 0 0
0x2655e7b8370 0 0 0 13 5 0 0  0 0 0 0 0 0 0 0
0x2655e7b8420 0x2655e7b8630 0 0x2655e7b86e0 14 7 2 0  0 0 0 0 0 0 0 0
0 0 0 0 14 8 2 1 x  0 0 0 0 0 0 0 0
0x2655e7b8840 0x2655e7b88f0 0 0 14 8 0 0  0 0 0 8 0 0 0 0
0 0 0 0 14 8 2 1 y  0 0 0 0 0 0 0 0
0 0 0 0 14 8 2 1 x  0 0 0 0 0 0 0 0
0x2655e7b89a0 0x2655e7b8dc0 0 0x2655e7b8e70 15 7 2 0  0 0 0 0 0 0 0 0
0x2655e7b8b00 0 0 0 15 8 2 1 x  0 0 0 0 0 0 1 0
0 0 0 0 15 8 1 0  0 0 0 0 0 1 0 0
0 0 0 0 15 8 1 0  0 0 0 0 0 1 0 0
0 0 0 0 16 7 6 0  0 0 0 0 0 0 0 0
